cam0:
  T_cam_imu:
  - [0.9999851546239881, -0.0027015843861063916, 0.004732015790682718, 0.010615214663172922]
  - [0.002523062406392054, 0.9992996400864199, 0.037334481103198126, 0.01543733129244784]
  - [-0.00482956392772428, -0.03732198768764002, 0.9992916213735166, 0.11468644669299656]
  - [0.0, 0.0, 0.0, 1.0]
  cam_overlaps: []
  camera_model: pinhole
  distortion_coeffs: [0.32445331403072697, 0.11586754850186179, 0.022699682566874456,
    0.039448540166322085]
  distortion_model: equidistant
  intrinsics: [519.601225584048, 520.2263534172545, 650.5313568851759, 372.44373937619133]
  resolution: [1280, 720]
  rostopic: /cam0/image_raw
  timeshift_cam_imu: -0.013294534042101389
